//	ChildrenDay
5
1 7 0
1 10 1 
0 7 3
345 9997 3333
35 9 8

//	Sorting Game
3
8
1 2 3 4 8 7 6 5
4
3 4 1 2
3
1 2 3

5
4
3 4 1 2
8
1 2 3 4 8 7 6 5
4
3 4 1 2
3
1 2 3
8
1 2 3 4 8 7 6 5


//	MeetingRoom
3
2
1 10 10 20
1 10 10 20
3
1 10 10 20
1 10 10 20
1 10 10 20
3
2 5 6 9
1 3 8 10
4 7 11 12
=======
//	FireTruck
1
8 12 3 2
1 2 3
1 6 9
2 3 6
3 4 4 
3 5 2
4 5 7
6 5 5 
8 6 5
6 7 3
8 7 3
7 5 1
2 8 3
2 3 5
4 6

//	Routing
1
7 14
0 1 1.3
0 2 1.1
0 3 1.24
3 4 1.17
3 5 1.24
3 1 2
1 2 1.31
1 2 1.26
1 4 1.11
1 5 1.37
5 4 1.24
4 6 1.77
5 6 1.11
2 6 1.2

1
7 9
0 1 5
1 5 3
0 2 1
2 3 2
3 1 1
3 4 5
3 5 3
1 6 3
6 5 2

0(a), 1(b), 2(c), 3(d), 4(e), 5(f), 6(g)

//	Gallery
3
4 2
0 1
2 3
6 5
0 1
1 2
1 3
2 5
0 4
1000 1
0 1

//	Dictionary
3
3
ba
aa
ab
5
gg
kia
lotte
lg
hanhwa
6
dictionary
english
is
ordered
ordinary
this

//	RunningMedian
3
10 1 0
10 1 1
10000 1273 4936

//	Insertion
2
5
0 1 1 2 3
4
0 1 2 3

//	Nerd2
2
4
72 50
57 67
74 55
64 60
5
1 5
2 4
3 3
4 2
5 1

//	Fortress
2
3
5 5 15
5 5 10
5 5 5
8 
21 15 20 
15 15 10 
13 12 5 
12 12 3 
19 19 2 
30 24 5 
32 10 7 
32 9 4

//	Traversal
1
7
27 16 9 12 54 36 72
9 12 16 27 36 54 72

//	ITES
3
8791 20
5265 5000
3578452 5000000

//	Brackets
3
()()
({[}])
({}[(){}])

//	Josephus
2
6 3
40 3

//	Numb3rs
2
5 2 0
0 1 1 1 0
1 0 0 0 1
1 0 0 0 0
1 0 0 0 0
0 1 0 0 0
3
0 2 4
8 2 3
0 1 1 1 0 0 0 0
1 0 0 1 0 0 0 0
1 0 0 1 0 0 0 0
1 1 1 0 1 1 0 0
0 0 0 1 0 0 1 1
0 0 0 1 0 0 0 1
0 0 0 0 1 0 0 0
0 0 0 0 1 1 0 0
4
3 1 2 6

//	Poly
3
2
4
92

//	AsymTiling
3
2
4
92

//	Snail
4
5 4
5 3
4 2
3 2

//	Tripathcnt
2
4
1
1 1 
1 1 1 
1 1 1 1 
4
9
5 7
1 3 2
3 5 5 6

//	Tiling2
3
1
5
100


//	Quantization
2
10 3
3 3 3 1 2  3 2 2 2 1
9 3
1 744 755 4 897 902 890 6 777

//	JLIS
3
3 3
1 2 4
3 4 7
3 3
1 2 3
4 5 6
5 3
10 20 30 1 2
10 20 30


//	LIS
3
4
1 2 3 4
8
5 4 3 2 1 6 7 8
8
5 6 7 8 1 2 3 4

//	trianglepath
2
5
6
1  2
3  7  4
9  4  1  7
2  7  5  9  4
5
1 
2 4
8 16 8
32 64 32 64
128 256 128 256 128

//	wildcard
3
he?p
3
help
heap
helpp
*p*
3
help
papa
hello
*bb*
1
babbbc



// picnic
1
2 1
0 1

1
4 6
0 1 1 2 2 3 3 0 0 2 1 3

1
6 10
0 1 0 2 1 2 1 3 1 4 2 3 2 4 3 4 3 5 4 5

3
2 1
0 1
4 6
0 1 1 2 2 3 3 0 0 2 1 3
6 10
0 1 0 2 1 2 1 3 1 4 2 3 2 4 3 4 3 5 4 5

//	boggle
1
URLPM
XPRET
GIAET
XTNZY
XOQRS
6
PRETTY
GIRL
REPEAT
KARA
PANDORA
GIAZAPX